18 47 0.022511219150624807 4.740486692050698 
18 47 0.022321376028620346 4.491260207486926 
18 47 0.022198995585646013 4.738252477132833 
18 47 0.022137805364158845 4.489760268241986 
18 47 0.022208406600266885 4.489815183677624 
18 47 0.021824010192334656 4.490990347457579 
18 47 0.021962081092392133 4.489523356077039 
18 47 0.022641445986293928 4.735690345864599 
18 47 0.022977204072744215 4.491461037887009 
18 47 0.02313410165865631 4.906876163979469 
18 47 0.02271048027216945 4.734697185798873 
18 47 0.02210014966414317 4.979561928184499 
18 47 0.022948964043962287 4.735991586808112 
18 47 0.02206720179974437 4.911664668429487 
18 47 0.022437479357438853 4.735931968193469 
18 47 0.022129958971464057 4.751271805610169 
18 47 0.022694789815086307 4.735144341706831 
18 47 0.022183305128562873 4.734879187184795 
18 47 0.02215035493585763 4.731534139593847 
18 47 0.022385702478878992 4.738654135604693 
18 47 0.02194168279969212 4.738349756104103 
18 47 0.022409237000350486 4.730966172521453 
18 47 0.02168594162058362 4.737580958631626 
18 47 0.022231943450044814 4.732469245666857 
18 47 0.022994463808366315 4.741939559924388 
18 47 0.02287835815124137 4.738084596925455 
18 47 0.021627889956174366 4.733704025733147 
18 47 0.02261791146482244 4.7324566960951575 
18 47 0.02175183967768766 4.737323645845672 
18 47 0.02221939155003959 4.73220566042336 
18 47 0.022018563478262428 4.737995164346879 
18 47 0.02253946150771317 4.738858102233548 
18 47 0.022137805364158845 4.737485251267201 
18 47 0.0230242731156872 4.7313082077220585 
18 47 0.022424927457433626 4.738734150183729 
18 47 0.021750270399148702 4.734992151956536 
18 47 0.022644584543371846 4.7360402274579 
18 47 0.022475135057454527 4.739234654577093 
18 47 0.02228685655737615 4.907409616237231 
18 47 0.022467288664759735 4.73648424480878 
18 47 0.022315098914464516 4.493293594333014 
18 47 0.02243277152182198 4.491788954237378 
18 47 0.02230411629299825 4.739074618434103 
18 47 0.02164357808495107 4.735955502714941 
18 47 0.02240139526426857 4.735680934849978 
18 47 0.022095444156832733 4.737356593710071 
18 47 0.02241394483596736 4.736302245751164 
18 47 0.022415514114506315 4.737058486667023 
18 47 0.022498669578926017 4.738436045468988 
18 47 0.021966786599702567 4.734637567184231 
18 47 0.02270420082970718 4.737673525110666 
18 47 0.02216133988563034 4.738440753304605 
18 47 0.02228057944322032 4.736739988316195 
18 47 0.02221939155003959 4.7379371150107765 
18 47 0.022533186721863777 4.73593667370078 
18 47 0.022340202714474965 4.7386635489476205 
18 47 0.022991327579594836 4.736407366458517 
18 47 0.02299917164398319 4.737730009824843 
18 47 0.023039965901076778 4.735028240706319 
18 47 0.021813029899174826 4.736953365959671 
18 47 0.022390412642802303 4.738547443290496 
18 47 0.022390412642802303 4.73463913646277 
18 47 0.02075240482611228 4.7464283903811255 
18 47 0.022409237000350486 4.732968180781681 
18 47 0.02252377337893647 4.734138632069406 
18 47 0.022274306985677363 4.737080454238262 
18 47 0.022627324807749746 4.739651998849424 
18 47 0.022181735850023913 4.73662388265907 
18 47 0.02212211723538214 4.735966485336407 
18 47 0.022748135972185123 4.915522769985499 
18 47 0.02326903400163587 4.750139007694153 
18 47 0.021891477527977654 4.738084596925455 
18 47 0.021984044007018227 4.758801301828958 
18 47 0.022619478415054958 4.764303685987509 
18 47 0.02264301293652645 4.740480419593156 
18 47 0.02265870339360959 4.735856656793438 
18 47 0.023844847466724387 4.739582964563548 
18 47 0.021844406156728235 4.733084286438806 
18 47 0.020316229211313756 4.749026608070837 
18 47 0.02236060100717498 4.737036526080703 
18 47 0.022282151050065716 4.761619176604608 
18 47 0.022694789815086307 4.735637002035807 
18 47 0.021904027099676444 4.735150621149294 
18 47 0.02325020731578125 4.735505205921599 
18 47 0.022561426750645704 4.737839838367813 
18 47 0.02373972675937215 4.736670951702013 
18 47 0.02264929005068228 4.756488636953984 
18 47 0.02350594849488975 4.738291702111387 
18 47 0.021486682827345414 4.735897448722225 
18 47 0.022191149192951225 4.7335549745399295 
18 47 0.022395115821806304 4.979919656170495 
18 47 0.020598643468971663 4.745170075793364 
18 47 0.022884635265397205 5.0 
18 47 0.02224449535005004 4.982301355331345 
18 47 0.021696924242049886 4.997874966355914 
18 47 0.022097013435371692 5.0 
18 47 0.02330355114457363 4.770140261282278 
18 47 0.022595943893583464 4.771086352305061 
18 47 0.023189017094294082 4.771825338141912 
18 47 0.022166045392940772 4.77229289234257 
18 47 0.02254260006479109 4.757072296811767 
18 47 0.022056216849971663 4.920253220442801 
18 47 0.023035255737153468 4.767107441912921 
18 47 0.02272774000779155 4.983128202139925 
18 47 0.022029546099728695 4.533117243337034 
18 47 0.022839137829299614 4.980231879735474 
18 47 0.022313529635925557 4.745021022271841 
18 47 0.021958942535314215 4.97997456694952 
18 47 0.022723032172174674 4.7410013152943 
18 47 0.022274306985677363 4.742615790917825 
18 47 0.023035255737153468 4.74397138214855 
18 47 0.022291564392993023 4.741313543515892 
18 47 0.022782650786816447 4.744236536670586 
18 47 0.022079753699749592 4.745491715029576 
18 47 0.0226681167365369 4.741200576415845 
18 47 0.021342337141438544 4.739992467099797 
18 47 0.022388841035956907 4.740518072964865 
18 47 0.022799910522438543 4.740215260414507 
18 47 0.02324236092308646 4.741490832409585 
18 47 0.021836562092339883 4.736234780743827 
18 47 0.022898756443941386 4.919953546449521 
18 47 0.02306506737278079 4.74199447303172 
18 47 0.02234334359985932 4.740447467072144 
18 47 0.02276068787219035 4.746883390353473 
18 47 0.022537892229174215 4.742251785817674 
18 47 0.022647720772143325 4.762350316048763 
18 47 0.021066195341323594 4.750626957859205 
18 47 0.022777947607812446 4.7417669742097 
18 47 0.02201542492118451 4.7512357215169985 
18 47 0.02379150363793201 4.505057746779666 
18 47 0.023316103044578852 4.912262447137508 
18 47 0.022798343572206024 4.760114531852358 
18 47 0.021367440941448993 4.915019129363364 
18 47 0.023706776566666914 4.744944143921576 
18 47 0.022977204072744215 4.740867954558166 
18 47 0.022043667278272876 4.757484935576787 
18 47 0.01979846741063449 4.753142022412802 
18 47 0.02254887485064048 4.758192542827778 
18 47 0.02212682274269258 4.746723356538789 
18 47 0.02323608613723707 4.739764965949471 
18 47 0.02292072168687392 4.759705029316109 
18 47 0.02372717253106049 4.753667625949563 
18 47 0.022076615142671677 4.739681810485051 
18 47 0.021676528277656308 4.982356268438677 
18 47 0.02313410165865631 4.761021397896586 
18 47 0.02223665128566169 4.751125892974029 
18 47 0.02260065172920034 4.742777391682741 
18 47 0.022812464750750206 4.758438870663959 
18 47 0.022892481658091993 4.741969371560016 
18 47 0.023077619272786017 4.75636625651101 
18 47 0.022385702478878992 4.758565954285937 
18 47 0.02292229096541288 4.758584785628405 
18 47 0.02160121687762496 4.755586481073679 
18 47 0.021191712013069405 4.75838081899955 
18 47 0.023118415858186043 4.747167376217976 
18 47 0.022341771993013924 4.91118299537859 
18 47 0.022169186278325127 4.767949976850278 
18 47 0.023025844722532596 4.910969613078501 
18 47 0.020038522789272723 4.748965420177656 
18 47 0.02229626990030346 4.740423932550672 
18 47 0.022203703421262887 4.744895503271788 
18 47 0.019969486175090766 4.915915012786125 
18 47 0.023022706165454678 4.7406373171790674 
18 47 0.022517496264780636 4.739024410834082 
18 47 0.023171757358671986 4.499680881621168 
18 47 0.02304780763715869 4.743066083054555 
18 47 0.022493961743309143 4.741900334945833 
18 47 0.022621047693593917 4.7711632306553255 
18 47 0.023275308787485263 4.7437438786699175 
18 47 0.02301172354398841 4.738520770211947 
18 47 0.02137057717022047 4.7753665059690205 
18 47 0.02040566178988929 4.748686142148769 
18 47 0.02239668510034526 4.73574525897193 
18 47 0.0223794276930296 4.7506552025446 
18 47 0.021048937934007934 4.765439622460604 
18 47 0.022470427221837654 4.742050960074202 
18 47 0.021561991899070328 4.7368749183308685 
18 47 0.020413503525971204 4.760786050353565 
18 47 0.02421512502441887 4.746709233031939 
18 47 0.022484548400381835 4.742278458896223 
18 47 0.02246415010768182 4.754877302215843 
18 47 0.022679099358003166 4.740056793550056 
18 47 0.02264929005068228 5.0 
18 47 0.021797339442091685 4.749170951428437 
18 47 0.022948964043962287 4.74123823211586 
18 47 0.022712049550708407 4.4999021056573385 
18 47 0.021587095699080776 4.738125393510854 
18 47 0.022592807664811986 4.748342537669624 
18 47 0.02226959915006049 4.7614512963972295 
18 47 0.023316103044578852 4.734309650833863 
18 47 0.023044669080080776 4.742793082139824 
18 47 0.02176125302061497 4.914131092333296 
18 47 0.019887899989210023 4.745869834323353 
18 47 0.022955241158118117 4.912072601687197 
18 47 0.02231823747154243 4.758768356292866 
18 47 0.023899760574055726 4.912795897066964 
18 47 0.022465721714527216 4.753052589834226 
18 47 0.021334490748743756 4.926577748230928 
18 48 0.02363303444517452 4.7652183960961265 
18 48 0.023824451502330812 4.762720593606457 
18 48 0.023077619272786017 4.753683316406646 
18 48 0.022570842421879452 4.765483552946469 
18 48 0.02325020731578125 4.745571731936918 
18 48 0.02341965680169857 4.748088363440749 
18 48 0.02235746012179063 4.741236660509014 
18 48 0.022950533322501243 4.920913758650848 
18 48 0.022214683714422714 4.777206913464333 
18 48 0.021262320234096757 4.745628211994482 
18 48 0.0227010646009357 4.7458870940589755 
18 48 0.021273300527256588 4.738247771625522 
18 48 0.022420219621816753 4.738622752362221 
18 48 0.02255515196479631 4.740558867221958 
18 48 0.019141070087971664 4.913159899838809 
18 48 0.02053588396894554 4.749034449806919 
18 48 0.022526911936014384 4.742206286053269 
18 48 0.022765393379500783 4.742000750145875 
18 48 0.023592242516387366 4.915737721564126 
18 48 0.021325077405816444 4.762114970834048 
18 48 0.02304624068692617 4.765237227438594 
18 48 0.022879929758086767 4.741712058774062 
18 48 0.022351185335941232 4.7409369865157345 
18 48 0.020857523205158077 4.741158212880212 
18 48 0.021907167985060795 4.73955472220646 
18 48 0.02268224024338752 4.73995638067832 
18 48 0.022239787514433167 4.495904366251037 
18 48 0.022010717085567635 4.499897397821721 
18 48 0.021758114463537055 4.498784998198405 
18 48 0.02270891099363049 4.498082098783032 
18 48 0.02179577016355273 4.7411299728514305 
18 48 0.0219730637138584 4.741151935766056 
18 48 0.022595943893583464 4.740362742329185 
18 48 0.022162909164169294 4.742647167175378 
18 48 0.02270734404339797 4.7425844100036585 
18 48 0.021947959913847948 4.735770362771941 
18 48 0.02235275461448019 4.748937175492261 
18 48 0.022908167458562258 4.747752600697686 
18 48 0.022755980036573475 4.7514428243746245 
18 48 0.022705772436552574 4.753774315935455 
18 48 0.02310586162987438 4.741666561337964 
18 48 0.021750270399148702 4.742967237133052 
18 48 0.023347483958745134 4.742165494124482 
18 48 0.02243904630767137 4.911195547278596 
18 48 0.022183305128562873 4.74149240401643 
18 48 0.022603790286278253 4.740289002536 
18 48 0.022333925600319136 4.497021471381663 
18 48 0.02168280539181214 4.908933087675336 
18 48 0.02255672124333527 4.7424416335962905 
18 48 0.022166045392940772 4.742316114596238 
18 48 0.02254103078625213 4.740441192286294 
18 48 0.021830289634796926 4.740646728193688 
18 48 0.022038959442656002 4.7370067144450765 
18 48 0.02197149443531944 4.740190156614497 
18 48 0.02257554792918989 4.735362429514231 
18 48 0.01967922552473807 4.772829478500797 
18 48 0.023381998773376458 4.742074492267368 
18 48 0.022136238413926326 4.7432449435550925 
18 48 0.021991892728019456 4.75731548609087 
18 48 0.022683804865313604 4.74245418316799 
18 48 0.022037392492423483 4.742775822404202 
18 48 0.023526346787589764 4.741787370174093 
18 48 0.021568271341532594 4.741591247609626 
18 48 0.02116190503405496 4.7536142797924645 
18 48 0.02254887485064048 4.74502729705769 
18 48 0.02248768695745975 4.744283605713529 
18 48 0.023694224666661688 4.75209080835436 
18 48 0.022963082894200033 4.741145660980207 
18 48 0.02250337741454289 4.741668128288197 
18 48 0.02298975597274944 4.742030564109809 
18 48 0.022845412615149007 4.744438931692596 
18 48 0.02121682046969273 4.742863685704239 
18 48 0.022330789371547657 4.909501057076035 
18 48 0.02084810986223077 4.761503070947483 
18 48 0.02276696498634618 4.741192730023149 
18 48 0.02173457994206556 4.742247080310363 
18 48 0.02345260466609737 4.9114732537006365 
18 48 0.020501364497701343 4.759976460952301 
18 48 0.01892455155911136 4.92252195483191 
18 48 0.022619478415054958 4.740753415851273 
18 48 0.022235079678816293 4.7567647764257925 
18 48 0.02313410165865631 4.740475709429233 
18 48 0.022884635265397205 4.742888787175943 
18 48 0.02240139526426857 4.742523217453865 
18 48 0.022804618358055417 4.911696049343653 
18 48 0.023079188551324972 4.999443942215034 
18 48 0.023085463337174365 4.928954739556161 
18 48 0.02353889635928855 4.939901453880547 
18 48 0.022759116265344954 4.997967537491567 
18 48 0.023735018923755277 4.779234023196266 
18 48 0.020702194897784944 4.9974937085050595 
18 48 0.020808887211982575 4.997727486769542 
18 48 0.0217675301347708 4.998466470278085 
18 48 0.021791062327935855 4.9969367263824385 
18 48 0.02407391556728348 5.0 
18 48 0.02309801523717959 4.999712235294148 
18 48 0.02238727175741795 4.997476451097744 
18 48 0.020361728975717783 5.0 
18 48 0.021904027099676444 4.99879909446407 
18 48 0.02270734404339797 4.925945452379969 
18 48 0.022515929314548117 4.997360347768925 
18 48 0.022420219621816753 5.0 
18 48 0.022737153350718856 4.985282400150449 
18 48 0.023043102129848256 5.0 
18 48 0.022825016650755432 4.997749449684168 
18 48 0.022663408900920026 4.9846595176424175 
18 48 0.021252904562863013 5.0 
18 48 0.023367879923138712 5.0 
18 48 0.02279206878635663 4.997339951804531 
18 48 0.023055651701547043 5.0 
18 48 0.022963082894200033 5.0 
18 48 0.021773802592313755 4.98486819210689 
18 48 0.022857962186847797 4.983705584883553 
18 48 0.021502370956122115 4.999913063365925 
18 48 0.02330355114457363 4.997349362819152 
18 48 0.023030547901536594 5.0 
18 48 0.0227685319365787 5.0 
18 48 0.0221958570285681 5.0 
18 48 0.02253161511501838 4.983602031126433 
18 48 0.021747129513764347 5.0 
18 48 0.022224099385656462 5.0 
18 48 0.022095444156832733 4.999290180857894 
18 48 0.022653995557992718 4.984115082763189 
18 48 0.022340202714474965 4.985414193936351 
18 48 0.02309958451571855 5.0 
18 48 0.022983481186900048 5.0 
18 48 0.022498669578926017 5.0 
18 48 0.022517496264780636 5.0 
18 48 0.022934845193724542 4.984209223177381 
18 48 0.02106776694816899 5.0 
18 48 0.024094311531677057 5.0 
18 48 0.02175183967768766 4.98312035574723 
18 48 0.02217075090025121 4.999870699830293 
18 48 0.02310272074449003 5.0 
18 48 0.02261477523605096 4.9968927912399606 
18 48 0.021819304685024223 5.0 
18 48 0.023203138272838267 4.999654181301433 
18 48 0.021587095699080776 4.983922101084107 
18 48 0.02253161511501838 5.0 
18 48 0.021031678198385834 5.0 
18 48 0.022715185779479886 5.0 
18 48 0.02314978978743301 4.929403464742658 
18 48 0.02192128683529854 4.769925314360264 
18 48 0.022754413086340956 4.767355339027641 
18 48 0.022715185779479886 4.768918033115993 
18 48 0.02252377337893647 4.760274567995348 
18 48 0.021954234699697345 4.9966637231394015 
18 48 0.022751274529263038 4.770502697103891 
18 48 0.022137805364158845 4.927638370975684 
18 48 0.021935410342149162 4.769671137803081 
18 48 0.02228057944322032 4.983412185676122 
18 48 0.021924427720682895 4.766879940762594 
18 48 0.021842839206495712 4.764659844694966 
18 48 0.022128392021231538 4.76661792246933 
18 48 0.021852252549423024 4.768701516915439 
18 48 0.022476702007687047 5.0 
18 48 0.022071907307054803 4.983804430805056 
18 48 0.02264301293652645 5.0 
18 48 0.021968355878241527 4.934246882300007 
18 48 0.02257241170041841 4.997285036368894 
18 48 0.022820306486832122 4.768641893644185 
18 48 0.022059357735356017 4.768582275029543 
18 48 0.022407667721811526 4.770367760104299 
18 48 0.023391412116303766 4.763754547929277 
18 48 0.02261477523605096 4.764910880366765 
18 48 0.0228187395365996 4.763547442743344 
18 48 0.022476702007687047 4.772492153464114 
18 48 0.02287051641515946 4.9840036895982935 
18 48 0.02268224024338752 5.0 
18 48 0.022023271313879298 4.984204515341765 
18 48 0.02081515966952553 4.984797588542476 
18 48 0.022029546099728695 4.9998612864873655 
18 48 0.022348049107169754 4.926009781158534 
18 48 0.023458877123640327 5.0 
18 48 0.02231980675008139 5.0 
18 48 0.02310743090841334 4.986867064138347 
18 48 0.022732445515101982 5.0 
18 48 0.02297249856543378 4.937976326298889 
18 48 0.021805183506480037 5.0 
18 48 0.02201385797095199 4.998797522857226 
18 48 0.023622051823708252 4.997719640376847 
18 48 0.022344908221785403 5.0 
18 48 0.02220213181441749 4.987351873418015 
18 48 0.02319215332306556 4.986700750881201 
18 48 0.021737718499143476 4.997915762941314 
18 48 0.022087597764137944 4.986870200367118 
18 48 0.02230098006422677 5.0 
18 48 0.02217075090025121 4.998182489070195 
18 48 0.023510654002200187 4.997617658226573 
18 48 0.021663974049344645 4.986368131351829 
18 48 0.021690649456200493 4.9985386454493455 
18 48 0.02221782459980707 5.0 
18 48 0.021733010663526602 4.983846789684075 
18 48 0.022117409399765267 4.920355204921381 
18 48 0.0229018950010193 4.766506522319515 
18 48 0.022166045392940772 4.75909313175785 
18 48 0.023402397066076473 5.0 
18 48 0.02208288992852107 4.769644467052838 
18 48 0.023245499480164376 4.983947204884117 
18 48 0.022324512257391824 4.766504955369283 
18 48 0.022451600535983034 4.771225992483658 
18 48 0.02278578934389436 4.769569155652807 
18 48 0.0227183243365578 4.773811655945057 
18 48 0.02254260006479109 4.925521828665175 
18 48 0.022253911021283785 4.768284165658189 
18 48 0.02284384100830361 4.76828730887188 
18 48 0.02183813137087884 4.9842437426486255 
18 48 0.022423358178894667 4.765041102545821 
18 48 0.022807756915133332 4.766148798990133 
18 48 0.02302898327961051 4.923924615105579 
18 48 0.022305687899843645 4.767294148806154 
18 48 0.022696359093625267 4.997474881819205 
18 48 0.02282815287952691 4.767057231984594 
18 48 0.022266460592982575 4.922991075982801 
18 48 0.022934845193724542 4.763870651258095 
18 48 0.02235275461448019 4.76746987307792 
18 48 0.022238220564200644 4.986038645722921 
18 48 0.024354762874708866 4.772361928956752 
18 48 0.022493961743309143 4.764615914209101 
18 48 0.021915012049449147 4.767650305185304 
18 48 0.02230411629299825 4.768230824157703 
18 48 0.022492392464770188 4.766308835133123 
18 48 0.021627889956174366 4.770720782582984 
18 48 0.022952102601040202 4.763352889457416 
18 48 0.02254887485064048 4.768205722685999 
18 48 0.022702636207781096 4.767918598264418 
18 48 0.022677532407770647 4.923648475633771 
18 48 0.021908732606986878 4.765519641696252 
18 48 0.02246886027160513 4.983589479226428 
18 48 0.021499234727350637 4.9375150492123865 
18 48 0.020945388833501093 4.937526031833853 
18 48 0.02320156899429931 4.797920477482453 
18 48 0.024712488532398123 4.775074678368435 
18 48 0.02486938379000378 4.984091550570024 
18 48 0.02276225482242287 4.768315548900662 
18 48 0.022307252521769728 4.774898956424975 
18 48 0.02242963296474406 4.984250019762781 
18 48 0.022669688343382295 4.771442508684212 
18 48 0.021935410342149162 4.763514494878945 
18 48 0.020975198140821976 4.9843535688632885 
18 48 0.02223665128566169 4.76453118480953 
18 48 0.022526911936014384 4.923626510390838 
18 48 0.02212211723538214 4.764838707523811 
18 48 0.022553582686257356 4.983493771862003 
18 48 0.022038959442656002 4.765430209117676 
18 48 0.021864804449428246 4.768668566722734 
18 48 0.022451600535983034 4.771180490390948 
18 48 0.02276068787219035 4.7610465016965975 
18 48 0.02272774000779155 4.523046011814404 
18 48 0.022997600037137793 5.0 
18 48 0.020424488475743907 4.999740477651237 
18 48 0.023003877151293622 5.0 
18 48 0.02273401479364094 5.0 
18 48 0.02137214644875943 5.0 
18 48 0.02103324980523123 5.0 
18 48 0.022417081064738838 5.0 
18 48 0.021223092927235686 5.0 
18 48 0.02187108156358408 4.9859727476658176 
18 48 0.023521636623666454 5.0 
18 48 0.021731443713294083 4.999969545751796 
18 48 0.023568705666609437 4.950435534096526 
18 48 0.021128957169656157 4.947837316406815 
18 48 0.024219832860035744 4.943935282036632 
18 48 0.022691651258008393 4.945545047496234 
18 48 0.024817611568056796 4.990558852437212 
18 48 0.02306663665131975 4.98687333659589 
18 48 0.023430639423164836 4.9881489132475805 
18 48 0.021629459234713325 4.998234263620448 
18 48 0.022249200857360475 4.988489381497954 
18 48 0.025697804533735758 4.941735584261704 
18 48 0.022316665864697036 4.937409928505034 
18 48 0.024255916953206023 5.0 
18 48 0.022065630192898974 4.989680228750072 
18 48 0.01974825981061359 4.9387890542572315 
18 48 0.021805183506480037 4.986954925110077 
18 48 0.020473126797225853 4.9432684713710415 
18 48 0.020038522789272723 4.939393110079409 
18 48 0.025619354576626494 5.0 
18 48 0.023863674152579006 5.0 
18 48 0.023049379244004086 5.0 
18 48 0.02064257395483673 4.999961704015714 
18 48 0.02332708566604512 5.0 
18 48 0.021805183506480037 4.99841155949906 
18 48 0.02046841896160898 5.0 
18 48 0.023027411672765116 4.996770410796986 
18 48 0.022578684157961368 5.0 
18 48 0.023772672295464516 4.982775184317853 
18 48 0.02104109386961958 4.999410994350636 
18 48 0.020352315632790476 4.985393797971957 
18 48 0.02266654978630438 4.984835244242491 
18 48 0.021376854284376304 4.928655065562881 
18 48 0.022771672821963053 4.75386374851403 
18 48 0.02281089314390481 4.744035706270503 
18 48 0.022454736764754513 4.744671140678539 
18 48 0.02246415010768182 4.747959705883618 
18 48 0.0221566343783199 4.744253796406208 
18 48 0.022592807664811986 4.739014999819461 
18 48 0.02206720179974437 4.76139951951867 
18 48 0.024237090267351404 4.919529925063034 
18 48 0.02306350042254827 4.74017917399303 
18 48 0.022151926542703027 4.916781086901566 
18 48 0.02035388491132943 4.7790457493528 
18 48 0.02309801523717959 4.914738284384244 
18 48 0.022172322507096606 4.737690782517982 
18 48 0.022685376472159 4.9133560200749695 
18 48 0.022586530550656157 4.50148049253108 
18 48 0.022395115821806304 5.0 
18 48 0.022114270842687352 4.525007228145845 
18 48 0.022977204072744215 4.739684949042129 
18 48 0.022807756915133332 4.910996286157051 
18 48 0.02274499741510721 4.7475062728615045 
18 48 0.023501240659272876 4.744769986600042 
18 48 0.02263046336482766 4.739692793106517 
18 48 0.022829724486372306 4.92697312493202 
18 48 0.021080318848174216 4.74633425229524 
18 48 0.022820306486832122 4.737971632153714 
18 48 0.022461013878910342 4.736321072437018 
18 48 0.02297877567958961 4.770262639396946 
18 48 0.022757549315112435 4.738723167562263 
18 48 0.02283128910829839 4.73724362893833 
18 48 0.02274342813656825 4.7557308244312795 
18 48 0.02225861885690066 4.74174030113115 
18 48 0.01851975453017268 4.774288623488642 
18 48 0.021066195341323594 4.7760286134556065 
18 48 0.02352006967343393 4.782188397265127 
18 48 0.0206880760475472 4.755209928730135 
18 48 0.02241394483596736 4.7778329298728295 
18 48 0.021108558876956143 4.74899052164936 
18 48 0.02282658360098795 4.7399767789710205 
18 48 0.02116817981990435 4.774837766203488 
18 48 0.021331354519972277 5.0 
18 48 0.023819741338407502 4.740130537999855 
18 48 0.021663974049344645 4.91121594324299 
18 48 0.022608498121895127 4.499194498406348 
18 48 0.022214683714422714 4.912519757595155 
18 48 0.022675963129231688 4.740733019886879 
18 48 0.022423358178894667 4.912267154973125 
18 48 0.022018563478262428 4.741409246223704 
18 48 0.022754413086340956 4.915577685421136 
18 48 0.0215494399990651 4.742676978811006 
18 48 0.023145084280122578 4.7354361716357225 
18 48 0.022533186721863777 4.736589365516132 
18 48 0.022104857499760044 4.741751286080922 
18 48 0.02285482595807632 4.7394558786132635 
18 48 0.022804618358055417 4.7405337610936416 
18 48 0.02238099697156856 4.744300865449151 
18 48 0.02213937697100424 4.741966235331244 
18 48 0.022917585458102442 4.738928703469656 
18 48 0.022241359121278562 4.73910913557704 
18 48 0.022020132756801383 4.495656469136317 
18 48 0.0232078437801487 4.738470564940232 
18 48 0.021632595463484804 5.0 
18 48 0.023797778423781404 5.0 
18 48 0.023879364609662147 4.980352690899909 
18 48 0.022737153350718856 4.737342472531527 
18 48 0.021951096142619426 4.979552514841572 
18 48 0.022908167458562258 4.738414080226056 
18 48 0.022249200857360475 4.742793082139824 
18 48 0.022476702007687047 4.7391452243268235 
18 48 0.02298975597274944 4.739546878142072 
18 48 0.02219271847149018 4.739540601027915 
18 48 0.02307448304401454 4.740616918886368 
18 48 0.022145649428547198 4.91259036115957 
18 48 0.022341771993013924 4.74338458373369 
18 48 0.022848548843920485 4.9966401886179295 
18 48 0.022671255293614814 4.740734591493725 
18 48 0.02233549487885809 4.744843728721535 
18 48 0.023080760158170368 4.49409063416258 
18 48 0.02177537419915915 4.744609952785359 
18 48 0.022820306486832122 4.742844856690078 
18 48 0.022916013851257046 4.743053531154549 
18 48 0.02183185425672301 4.741504955916435 
18 48 0.02269322286485379 4.738934978255506 
18 48 0.022275873935909882 4.740740866279575 
18 48 0.02259751550042886 4.738115975511314 
18 48 0.02255672124333527 4.740133674228626 
18 48 0.02335375641628809 4.735302810899588 
18 48 0.022322945307159305 4.7392754465058795 
18 48 0.02240609844327257 4.735502069692827 
18 48 0.022577117207728845 4.7395170688347505 
18 48 0.02208132297828855 4.736943952616744 
18 48 0.02277951455804497 4.743838016755803 
18 48 0.022144082478314675 4.737747269560465 
18 48 0.021290560262878688 4.996431514153458 
18 48 0.021995028956790934 4.743787811484089 
18 48 0.02084967914076973 4.913740418811208 
18 48 0.02259751550042886 4.7387984812906 
18 48 0.021505509513200034 4.912141633644766 
18 48 0.023162344015744674 4.735207101206857 
18 48 0.02247356577891557 4.907643394501714 
18 48 0.02237158130033481 4.7391766005843765 
18 48 0.022322945307159305 4.910411061677342 
18 48 0.022184874407101828 4.737637441017496 
18 48 0.022089167042676904 4.74035019042918 
18 48 0.022059357735356017 4.737568404403314 
18 48 0.022550446457485877 4.740282725421843 
18 48 0.02332708566604512 4.74039098701458 
18 48 0.021966786599702567 4.740765970079585 
18 48 0.022253911021283785 4.742796218368595 
18 48 0.021631028513252284 4.915147786920493 
18 48 0.022842274058071092 4.74168852425259 
18 48 0.02234334359985932 4.74403413932027 
18 48 0.020695920111935547 4.7405824017434295 
18 48 0.022279014821294237 4.74126961070172 
18 48 0.022773237443889136 4.741559869023766 
18 48 0.02287679352931529 4.7408993308157195 
18 48 0.02245002892913764 4.741183316680223 
18 48 0.02247356577891557 4.739780656406554 
18 48 0.022465721714527216 4.741883079866824 
18 48 0.0224625831574493 4.734231200876754 
18 48 0.022619478415054958 4.909601469947771 
18 48 0.022238220564200644 4.739912450192455 
18 48 0.022249200857360475 4.91633079243653 
18 48 0.022544169343330044 4.743188461169223 
18 48 0.022230374171505855 4.9105663876564085 
18 48 0.022814034029289165 4.745064952757706 
18 48 0.0223621679574075 4.740585540300508 
18 48 0.02245630604329347 4.7373550244315314 
18 48 0.022313529635925557 4.74138885025931 
18 48 0.022001303742640328 4.742145098160089 
18 48 0.022026407542650776 4.741133111408508 
18 48 0.02249709797208062 4.739211117727315 
18 48 0.022639876707754972 4.742921737368648 
18 48 0.02235275461448019 4.735793897293412 
18 48 0.021908732606986878 4.737452301074495 
18 48 0.022526911936014384 4.73879533807691 
18 48 0.022145649428547198 4.743292017254649 
18 48 0.022577117207728845 4.741556732794995 
18 48 0.021808322063557952 4.49587298533687 
18 48 0.02243904630767137 4.4938756849122585 
18 48 0.02252063482185855 4.738746704412041 
18 48 0.022137805364158845 4.496491162337591 
18 48 0.023123119037190044 4.500888988608908 
18 48 0.022679099358003166 4.491897211173502 
18 48 0.022399823657423174 4.495849450815399 
18 48 0.022238220564200644 4.499257260234681 
18 48 0.022735584072179897 4.735886466100759 
18 48 0.022426496735972582 4.919347923677111 
18 48 0.022402962214501092 4.7499068010365155 
18 48 0.022552013407718396 4.982009525402454 
18 48 0.022075048192439158 4.998351936227806 
18 48 0.02146785381318436 4.999585149343863 
18 48 0.022804618358055417 4.775947027269726 
18 48 0.022075048192439158 4.774218022252534 
18 48 0.0224625831574493 4.7753461100046275 
18 48 0.022578684157961368 4.773160533408244 
18 48 0.023637742280791393 4.5155369138883135 
18 48 0.02199659823532989 4.767320821884703 
18 49 0.02250808292185333 4.764879499452598 
18 49 0.022106426778299 4.524086238594766 
18 49 0.022183305128562873 4.77415839898128 
18 49 0.022434340800360934 4.752666621819449 
18 49 0.02317646286598242 4.745356782686597 
18 49 0.022253911021283785 4.7492603840070124 
18 49 0.02201542492118451 4.745364626750986 
18 49 0.022382563921801078 4.501086678123608 
18 49 0.022140941592930324 4.747313291182421 
18 49 0.0227685319365787 4.504215209514003 
18 49 0.022581822715039283 4.915458441206933 
18 49 0.02223351505689021 4.7485998457989655 
18 49 0.022461013878910342 4.911087288014166 
18 49 0.022942686929806454 4.744134554520312 
18 49 0.021947959913847948 4.915481978056711 
18 49 0.022730878564869463 4.745441507429556 
18 49 0.022934845193724542 4.731763207694406 
18 49 0.022344908221785403 4.980677468693199 
18 49 0.022958377386889595 4.735732707071925 
18 49 0.02171732020644346 4.732715575831344 
18 49 0.022332358650086613 4.730999120385851 
18 49 0.022564565307723623 4.487220106873298 
18 49 0.022056216849971663 4.736145348165252 
18 49 0.02215820132855242 4.733214508617863 
18 49 0.021747129513764347 4.734373977284121 
18 49 0.022908167458562258 4.493315561904253 
18 49 0.021693788013278408 4.734744254841816 
18 49 0.02210014966414317 4.729053594511493 
18 49 0.02241394483596736 4.733129783874904 
18 49 0.022544169343330044 4.485613477642468 
18 49 0.022307252521769728 4.488420372124957 
18 49 0.022788930229278713 4.489794787713231 
18 49 0.022790497179511236 4.733945648062018 
18 49 0.022191149192951225 4.733153316068068 
18 49 0.021897754642133487 4.485757823328375 
18 49 0.02194168279969212 4.730369960763664 
18 49 0.02263046336482766 4.730595894963758 
18 49 0.02176281997084749 4.732426884459531 
18 49 0.022763824100961828 4.727056294086881 
18 49 0.022382563921801078 4.905198935840837 
18 49 0.022279014821294237 4.7269056712868185 
18 49 0.0230242731156872 4.72894376829683 
18 49 0.022459442272064947 4.4841904214044055 
18 49 0.022145649428547198 4.905021639962225 
18 49 0.021667114934729 4.727900400631083 
18 49 0.02255515196479631 4.905176968269598 
18 49 0.022023271313879298 4.724608696868927 
18 49 0.022310391078847643 4.731943642130095 
18 49 0.02165926854203421 4.729478785176519 
18 49 0.02318430925867721 4.731069721621959 
18 49 0.021842839206495712 4.7291979401974 
18 49 0.022566134586262578 4.729825528212742 
18 49 0.02247199650037661 4.72591721905671 
18 49 0.02269322286485379 4.729478785176519 
18 49 0.022426496735972582 4.728396194860523 
18 49 0.02170790919182259 4.728788437661151 
18 49 0.021844406156728235 4.726767605043374 
18 49 0.02237001202179585 4.725652064534674 
18 49 0.022632030315060184 4.729106940668592 
18 49 0.022916013851257046 4.725220596755491 
18 49 0.02182087163525674 4.728917092889974 
18 49 0.021963648042624653 4.731021085628784 
18 49 0.022492392464770188 4.728593889031836 
18 49 0.022894050936630952 4.727368519980167 
18 49 0.022310391078847643 4.732328038538028 
18 49 0.022409237000350486 4.73344514599696 
18 49 0.022431204571589456 4.732786179395759 
18 49 0.022120545628536745 4.491029570107828 
18 49 0.0216498551991069 4.728046315595529 
18 49 0.02326746472309691 4.72799767494574 
18 49 0.0223292200930087 4.730176979084582 
18 49 0.022020132756801383 4.729814543262969 
18 49 0.0224625831574493 4.730649238792551 
18 49 0.022159772935397816 4.729133613747141 
18 49 0.02226802987152153 4.902886268637555 
18 49 0.022581822715039283 4.731595329815334 
18 49 0.02215349349293555 4.9043438443468625 
18 49 0.022322945307159305 4.7267801546150725 
18 49 0.022809328521978728 4.725358665327243 
18 49 0.02214251319977572 4.7307935821501506 
18 49 0.022062493964127496 4.979033183762353 
18 49 0.022511219150624807 4.487378573737749 
18 49 0.0218726485138166 4.73097558586438 
18 49 0.02288620454393616 4.4835565586032144 
18 49 0.02236060100717498 4.731049325657565 
18 49 0.022282151050065716 4.726455376821782 
18 49 0.022564565307723623 4.729086544704198 
18 49 0.022545738621869003 4.732058176180375 
18 49 0.023052515472775564 4.7292685437618145 
18 49 0.02260536189312365 4.727729384194934 
18 49 0.0230242731156872 4.727503449994839 
18 49 0.022368445071563332 4.979155564205328 
18 49 0.022106426778299 4.7285797655249855 
18 49 0.02278578934389436 4.977006076358728 
18 49 0.02210799605683796 4.734915273606272 
18 49 0.022288428164221545 4.996528793124728 
18 49 0.022573980978957367 4.738228942611362 
18 49 0.02206406557097289 4.732285675002395 
18 49 0.022448464307211556 4.488483129296677 
18 49 0.021904027099676444 4.729331303261841 
18 49 0.022321376028620346 4.488742009032864 
18 49 0.022208406600266885 4.487047521158609 
18 49 0.022340202714474965 4.480815564506136 
18 49 0.02209073632121586 4.731904417151541 
18 49 0.02254730790040796 4.484794474898276 
18 49 0.022526911936014384 4.728019640188673 
18 49 0.021927563949454373 4.7289406297397525 
18 49 0.021952667749464822 4.730042046741602 
18 49 0.02241394483596736 4.729729818520011 
18 49 0.022552013407718396 4.728527988646425 
18 49 0.02184597776357363 4.482922693473717 
18 49 0.022272735378831968 4.727892556566695 
18 49 0.022340202714474965 4.7295572328053215 
18 49 0.0227010646009357 4.731008533728779 
18 49 0.02261477523605096 4.737893182196605 
18 49 0.021340767862899585 4.910241609863118 
18 49 0.022966221451277948 4.980677468693199 
18 49 0.02287679352931529 4.737576248467702 
18 49 0.02249709797208062 4.980283656614033 
18 49 0.022639876707754972 4.737993597396646 
18 49 0.022272735378831968 4.746166369759555 
18 49 0.02239668510034526 4.739427636256175 
18 49 0.02208602848559899 4.742284736010379 
18 49 0.022669688343382295 4.501916665817572 
18 49 0.022093874878293777 4.738346612890412 
18 49 0.021748701120609743 4.741511230702284 
18 49 0.02324236092308646 4.736507777001945 
18 49 0.021947959913847948 4.745792958301395 
18 49 0.023104292351335425 4.75258817186234 
18 49 0.022155062771474505 4.980635105157567 
18 49 0.022799910522438543 4.7444326569067465 
18 49 0.02212682274269258 4.7492227283069965 
18 49 0.02248140984330392 5.0 
18 49 0.022114270842687352 4.745625075765711 
18 49 0.022945823158577933 4.742237666967435 
18 49 0.022914449229330964 4.5007101257800635 
18 49 0.022241359121278562 4.742383579603575 
18 49 0.023198430437221394 4.74022624536428 
18 49 0.023135670937195266 4.739736725920689 
18 49 0.022627324807749746 4.499765606364126 
18 49 0.02241394483596736 4.744134554520312 
18 49 0.02182087163525674 4.495962417915446 
18 49 0.022577117207728845 4.746124008552229 
18 49 0.021963648042624653 4.501161989523639 
18 49 0.022671255293614814 4.738585098990511 
18 49 0.022525342657475425 4.742162355567404 
18 49 0.021916578999681666 4.74189406248829 
18 49 0.0222288048929669 4.496044004101327 
18 49 0.02330355114457363 4.503262843705371 
18 49 0.02284697956538153 4.742334941282093 
18 49 0.021958942535314215 4.501584043959893 
18 49 0.02291131067225305 4.4995349666567215 
18 49 0.021816166127946304 4.744685261857084 
18 49 0.022203703421262887 4.744145534813472 
18 49 0.022368445071563332 4.743816049184565 
18 49 0.02294739476542333 4.743368895604912 
18 49 0.022787360950739757 4.748537088627246 
18 49 0.02288620454393616 4.743056667383321 
18 49 0.02272460145071363 4.7442255540491205 
18 49 0.02210014966414317 4.741431213794942 
18 49 0.02239354887157378 4.495711384571955 
18 49 0.02217703034271348 4.741043678829932 
18 49 0.022220963156884984 4.73903696040578 
18 49 0.022377856086184204 4.909005260518289 
18 49 0.02252377337893647 4.503846501234848 
18 49 0.0219730637138584 4.912069463130119 
18 49 0.02237001202179585 4.7415284881096 
18 49 0.022183305128562873 4.739430774813253 
18 49 0.021678097556195267 4.49824997899041 
18 49 0.02315606922989528 4.742573427382192 
18 49 0.022062493964127496 4.739473136020579 
18 49 0.022448464307211556 4.7405384712575644 
18 49 0.02250808292185333 4.741236660509014 
18 49 0.0218726485138166 4.737053783488019 
18 49 0.022552013407718396 4.497277214889078 
18 49 0.02242963296474406 4.741831300659958 
18 49 0.02210799605683796 4.742667563139772 
18 49 0.02210014966414317 4.501003524987494 
18 49 0.022798343572206024 4.743365757047835 
18 49 0.022975637122511695 4.739686515992362 
18 49 0.02178007970646959 4.743513241290819 
18 49 0.022164478442708253 5.0 
18 49 0.022908167458562258 5.0 
18 49 0.022939550701034976 4.773990518773902 
18 49 0.02181459452110091 4.771695113634548 
18 49 0.022933273586879147 4.773780279687504 
18 49 0.022771672821963053 4.92912261976354 
18 49 0.02200758085679616 4.518987082186615 
18 49 0.022310391078847643 4.768036270871775 
18 49 0.022702636207781096 4.769787243460206 
18 49 0.021809893670403348 4.766090747325723 
18 49 0.023891916509667373 4.746844167703224 
18 49 0.02255515196479631 4.746486442045535 
18 49 0.022060927013894976 4.726323583035881 
18 49 0.022580255764806764 4.732685766524023 
18 49 0.022492392464770188 4.485396959113608 
18 49 0.02318430925867721 4.735329483978138 
18 49 0.022586530550656157 4.488707491889925 
18 49 0.02293013502980123 4.728885716632421 
18 49 0.02227744321444884 4.486385411343717 
18 49 0.02283756622245422 4.729500750419451 
18 49 0.023355328023133486 4.731573362244094 
18 49 0.021565130456148243 4.7337903220829505 
18 49 0.02190246014944392 4.729081834540275 
18 49 0.0217047659781318 4.732756367760131 
18 49 0.02264929005068228 4.730376237877819 
18 49 0.0227183243365578 4.7332113700607845 
18 49 0.022299410785687812 4.727227312851338 
18 49 0.02206720179974437 4.726813102479471 
18 49 0.0221958570285681 4.733630285939961 
18 49 0.021993459678251975 4.7310179447433995 
18 49 0.022279014821294237 4.732138193087716 
18 49 0.022931706636646627 4.726788001007767 
18 49 0.022763824100961828 4.731108948928821 
18 49 0.022224099385656462 4.735429894521567 
18 49 0.022321376028620346 4.733522026675531 
18 49 0.021915012049449147 4.7301000984060115 
18 49 0.022492392464770188 4.90590811004206 
18 49 0.022594376943350945 4.7283381431961145 
18 49 0.02224449535005004 4.72914616331884 
18 49 0.021627889956174366 4.731441570786499 
18 49 0.02287679352931529 4.733278835068121 
18 49 0.022089167042676904 4.724756178783605 
18 49 0.02288934310101408 4.9066423903716 
18 49 0.02155571711322093 4.730603739028147 
18 49 0.022181735850023913 4.487144795473267 
18 49 0.02237158130033481 4.484585802762111 
18 49 0.022533186721863777 4.72621532377145 
18 49 0.022420219621816753 4.729657648005364 
18 49 0.021565130456148243 4.729963599112799 
18 49 0.02205465222804558 4.726245133078772 
18 49 0.022355893171558106 4.728724111210892 
18 49 0.0220060115782572 4.729320320640374 
18 49 0.02248925623599871 4.729014369532938 
18 49 0.022873652643930938 4.48491685534125 
18 49 0.02228685655737615 4.726256115700237 
18 49 0.021882064185050346 4.726218460000222 
18 49 0.021916578999681666 4.72864409430355 
18 49 0.02228057944322032 4.729390921876482 
18 49 0.02285325667953736 4.918326521254297 
18 49 0.022887771494168683 4.7328709018104105 
18 49 0.02319058637283304 4.729528992776539 
18 49 0.02275284147949556 4.726270236878782 
18 49 0.022388841035956907 4.727774881631031 
18 49 0.022564565307723623 4.730934791607286 
18 49 0.02248925623599871 4.728369526438587 
18 49 0.021800475670863163 4.72727438189428 
18 49 0.022246064628588996 4.7278517623096015 
18 49 0.021593372813236606 4.903248704459168 
18 49 0.022224099385656462 4.730807705657002 
18 49 0.02239668510034526 4.723497866524149 
18 49 0.022368445071563332 4.7270484476941865 
18 49 0.022553582686257356 4.729383077812094 
18 49 0.02223351505689021 4.728998679075855 
18 49 0.022470427221837654 4.727467363573362 
18 49 0.022250770135899434 4.7303574111919655 
18 49 0.022820306486832122 4.907213496001071 
18 49 0.022594376943350945 4.731348999650846 
18 49 0.022674391522386293 4.734800739555992 
18 49 0.021858527335272417 4.730948915114137 
18 49 0.022685376472159 4.7270594326439594 
18 49 0.022515929314548117 4.732083279980385 
18 49 0.02312625759426796 4.731077568014654 
18 49 0.02272146056532928 4.730410755020758 
18 49 0.02190246014944392 4.73063982777793 
18 49 0.02125447616970841 4.727848623752523 
18 49 0.021952667749464822 4.7255877357561085 
18 49 0.021764389249386448 4.728912387382664 
18 49 0.021800475670863163 4.726788001007767 
18 49 0.022021702035340342 4.727952175181337 
18 49 0.02299603541521171 4.7261949278070565 
18 49 0.02292072168687392 4.72861428499623 
18 49 0.023316103044578852 4.730556669985203 
18 49 0.022577117207728845 4.728598592210839 
18 49 0.022208406600266885 4.728123193945793 
18 49 0.02302898327961051 4.729743942026861 
18 49 0.021951096142619426 4.72846365986786 
18 49 0.02200758085679616 4.7276273997163525 
18 49 0.02238727175741795 4.725788566156192 
18 49 0.022511219150624807 4.726152566599731 
18 49 0.02228685655737615 4.999848734587361 
18 49 0.022315098914464516 4.729141455483223 
18 49 0.02287051641515946 4.732500624252716 
18 49 0.022919152408334965 4.491017020536129 
18 49 0.021977769221168834 4.4880469560101846 
18 49 0.022166045392940772 4.486215964186106 
18 49 0.02226802987152153 4.730145598170416 
18 49 0.023168621129900507 4.484527751097701 
18 49 0.022975637122511695 4.996436221989075 
18 49 0.02298818669421048 4.730227186684602 
18 49 0.022759116265344954 4.738618049183217 
18 49 0.02279520501512811 4.7358582260719775 
18 49 0.02245002892913764 4.90685733962192 
18 49 0.022581822715039283 4.733743253040008 
18 49 0.022421791228662148 4.7335283037896865 
18 49 0.022677532407770647 4.732517883988338 
18 49 0.021612199499091225 4.729618425355115 
18 49 0.022983481186900048 4.743226116869239 
18 49 0.022377856086184204 4.747638066647406 
18 49 0.023033691115227385 4.745639196944255 
18 49 0.02272146056532928 4.742477717689461 
18 49 0.022621047693593917 4.501405183459355 
18 49 0.022279014821294237 4.744948849428887 
18 49 0.022435910078899893 4.980253844978406 
18 49 0.022021702035340342 4.74491276300741 
18 49 0.02259123838627303 4.741311971909046 
18 49 0.02217389178563556 4.734744254841816 
18 49 0.021773802592313755 4.738170890946952 
18 49 0.02227116842859945 4.741015434144537 
18 49 0.021676528277656308 4.74138885025931 
18 49 0.02187735867773991 4.73888634226233 
18 49 0.02306506737278079 4.910938234492642 
18 49 0.022062493964127496 4.74126961070172 
18 49 0.02240609844327257 4.9142236611406425 
18 49 0.02206720179974437 4.741831300659958 
18 49 0.023140376444505704 4.739929709928077 
18 49 0.02295680810835064 4.74022624536428 
18 49 0.022206841978340802 4.910262005827511 
18 49 0.021637300970795238 4.73938370577031 
18 49 0.022857962186847797 4.744076502855902 
18 49 0.022112699235841957 4.741842283281424 
18 49 0.021849113992345105 4.9837573617621125 
18 49 0.022038959442656002 4.997882812748609 
18 49 0.022842274058071092 4.983793445855283 
18 49 0.022476702007687047 4.982952475539852 
18 49 0.022788930229278713 4.999964840244486 
18 49 0.022291564392993023 5.0 
18 49 0.02299603541521171 4.747437236247322 
18 49 0.022865808579542585 4.742306701253311 
18 49 0.02187735867773991 4.743546189155218 
18 49 0.021858527335272417 4.742672270975389 
18 49 0.021995028956790934 4.744700949985861 
18 49 0.022294702950070938 4.7399861899856415 
18 49 0.022639876707754972 4.7439462760202336 
18 49 0.021955806306542737 4.742633045996834 
18 49 0.022095444156832733 4.743056667383321 
18 49 0.021676528277656308 5.0 
18 49 0.02224449535005004 4.981948335180967 
18 49 0.023403966344615428 4.74376113840554 
18 49 0.02210956300707048 4.911037078085839 
18 49 0.02249709797208062 4.743583844855234 
18 49 0.022079753699749592 4.914137367119145 
18 49 0.022164478442708253 4.740759695293735 
18 49 0.022925427194184358 4.912387963809254 
18 49 0.02228528960714363 4.74320729251169 
18 49 0.022759116265344954 4.738512928475864 
18 49 0.02265085932922124 4.5046529520790335 
18 49 0.02245002892913764 4.496486456830281 
18 49 0.02219428775002914 4.4958369012437 
18 49 0.022391977264728385 4.74138885025931 
18 49 0.022679099358003166 4.740800489550829 
18 49 0.023223534237231842 4.742385148882114 
18 49 0.023010151937143015 4.741283729551958 
18 49 0.021984044007018227 4.7427005156607835 
18 49 0.02235903172863602 4.743221411361928 
18 49 0.021813029899174826 4.737513493624289 
18 49 0.02203268465680661 4.742595392625125 
18 49 0.021522766920515694 4.740232520150129 
18 49 0.02187108156358408 4.735313793521055 
18 49 0.022806185308287936 4.742182751531798 
18 49 0.021361163827293164 4.743588550362545 
18 49 0.022647720772143325 4.737237351824175 
18 49 0.022586530550656157 4.741702645431134 
18 49 0.022685376472159 4.743483429655192 
18 49 0.02174085705622139 4.7412931452231915 
18 49 0.022807756915133332 4.742418096746513 
18 49 0.022404531493040048 4.73877337749059 
18 49 0.02290346427955826 4.740411382978974 
18 49 0.022034256263652005 4.741591247609626 
18 49 0.0225629983574911 4.740340779414559 
18 49 0.021915012049449147 4.737690782517982 
18 49 0.022418650343277793 4.7428291685613 
18 49 0.022741858858029294 4.743014306175994 
18 49 0.023049379244004086 4.743364187769296 
18 49 0.022823445043910037 4.910624441649124 
18 49 0.022294702950070938 4.743654446091342 
18 49 0.022599082450661383 4.743503825619586 
18 49 0.021841267599650317 4.742603236689513 
18 49 0.02224449535005004 4.980762193436158 
18 49 0.022498669578926017 4.740764400801046 
18 49 0.02209073632121586 4.7396425855064965 
18 49 0.022399823657423174 4.742232959131819 
18 49 0.02235903172863602 4.740078758792988 
18 49 0.021656132313262733 4.741511230702284 
18 49 0.0228689471366205 4.73631322837263 
18 49 0.022363739564252895 4.74031410633601 
18 49 0.021789493049396896 4.741029557651388 
18 49 0.02205465222804558 4.7406592777653875 
18 49 0.022675963129231688 4.744194173134954 
18 49 0.022412373229121964 4.494727635520849 
18 49 0.02050764394016361 4.746594698981659 
18 49 0.02223351505689021 4.742132546260083 
18 49 0.022313529635925557 4.7479973592553275 
18 49 0.023003877151293622 4.742181182253259 
18 49 0.02234334359985932 4.7408177446298385 
18 49 0.022330789371547657 4.739313102205895 
18 49 0.02236060100717498 4.741379436916382 
18 49 0.022322945307159305 4.734659532427163 
18 49 0.022164478442708253 4.747172081725286 
18 49 0.022613203629205565 4.744801367514208 
18 49 0.021798908720630644 4.744440503299441 
18 49 0.022636735822370618 4.479969888683394 
18 49 0.022799910522438543 4.727814108937892 
18 49 0.022533186721863777 4.4842343518902705 
18 49 0.02228528960714363 4.726105497556787 
18 49 0.02220997820711228 4.730354272634887 
18 49 0.022688515029236914 4.480586491748964 
18 49 0.022131530578309452 4.729339147326229 
18 49 0.02254887485064048 4.49293744028217 
18 49 0.02228057944322032 4.7245757490045275 
18 49 0.022602221007739298 4.48349693533196 
18 49 0.022169186278325127 4.903866879131583 
18 49 0.022089167042676904 4.727588174737798 
18 49 0.02167339204888483 4.90558803775608 
18 49 0.02291131067225305 4.726671895350642 
18 49 0.021897754642133487 4.903385201424074 
18 49 0.02215820132855242 4.731916969051546 
18 49 0.021998165185562413 4.723577883431491 
18 49 0.02262418625067183 4.729927512691322 
18 49 0.022093874878293777 4.722230136265154 
18 49 0.022407667721811526 4.72838050440344 
18 49 0.02189931926405957 4.730042046741602 
18 49 0.02215820132855242 4.725874855521076 
18 49 0.022399823657423174 4.728284797039016 
18 49 0.021987182564096146 4.729270113040354 
18 49 0.02241394483596736 4.729266974483275 
18 49 0.021915012049449147 4.728786870710918 
18 49 0.022313529635925557 4.722876550966351 
18 49 0.021864804449428246 4.48612182610022 
18 49 0.02264929005068228 4.729100663554436 
18 49 0.022095444156832733 4.728036899924295 
18 49 0.02213937697100424 4.731719277208541 
18 49 0.022181735850023913 4.728909248825586 
18 49 0.022991327579594836 4.727075120772736 
18 49 0.022001303742640328 4.7216621691927605 
18 49 0.022021702035340342 4.723985814360895 
18 49 0.022172322507096606 4.729433285412115 
18 49 0.022235079678816293 4.721353081856553 
18 49 0.02196521964947005 4.7269605867224564 
18 49 0.022919152408334965 4.7287649031396795 
18 49 0.02271675505801884 4.730280528185088 
18 49 0.022715185779479886 4.728300489824405 
18 49 0.022992896858133792 4.727834504902286 
18 49 0.022544169343330044 4.724031316453606 
18 49 0.022018563478262428 4.724053279368231 
18 49 0.022220963156884984 4.73018011764166 
18 49 0.022018563478262428 4.7287099877040415 
18 49 0.021958942535314215 4.726188650692901 
18 49 0.022807756915133332 4.9041304667033865 
18 49 0.02205465222804558 4.728924936954363 
18 49 0.0218506855991905 4.727258691437197 
18 49 0.021599645270779563 4.7301204943704045 
18 49 0.023182739980138253 4.728631540075239 
18 49 0.02283442999368274 4.729030059990022 
18 49 0.022461013878910342 4.728000815831125 
18 49 0.022275873935909882 4.729099094275897 
18 49 0.02223351505689021 4.7308406535214 
18 49 0.022206841978340802 4.731694173408529 
18 49 0.022330789371547657 4.489518650569729 
18 49 0.021776941149391674 4.9032612563591735 
18 49 0.02222566633588898 4.728240866553151 
18 49 0.022559859800413185 4.725724237377627 
18 49 0.021991892728019456 4.725262957962818 
18 49 0.021629459234713325 4.979588601263049 
18 49 0.022639876707754972 4.729025354482711 
18 49 0.022104857499760044 4.905380934898453 
18 49 0.022101721270988566 4.727712124459312 
18 49 0.02227744321444884 4.727743503045171 
18 49 0.022467288664759735 4.729157148268612 
18 49 0.022619478415054958 4.73050960094226 
18 49 0.021969925156780482 4.731000687336084 
18 49 0.022166045392940772 4.486388549900795 
18 49 0.02238099697156856 4.487849266495486 
18 49 0.022390412642802303 4.728094951588704 
18 49 0.02235432156471271 4.7310461894287945 
18 49 0.022584963600423637 4.906479215671531 
18 49 0.021367440941448993 4.979409738434204 
18 49 0.021662407099112126 4.740819316236684 
18 49 0.022451600535983034 4.755682186109797 
18 49 0.022569270815034057 4.741520646373518 
18 50 0.023002310201061103 4.502890999197444 
18 50 0.022373152907180206 4.744429518349668 
18 50 0.022619478415054958 4.746373477273795 
18 50 0.02199973679240781 4.504055173371013 
18 50 0.02266498050776542 4.9154050950498345 
18 50 0.02245630604329347 4.7446130890141305 
18 50 0.02182871802795153 4.916605360301493 
18 50 0.022475135057454527 4.746583716360193 
18 50 0.022164478442708253 4.745727057915985 
18 50 0.022247633907127955 4.739681810485051 
18 50 0.022641445986293928 4.913090863224627 
18 50 0.022570842421879452 4.746654319924607 
18 50 0.02248768695745975 4.743296720433653 
18 50 0.02303211950838199 4.742772686175431 
18 50 0.022021702035340342 4.740988763394295 
18 50 0.021386267627303612 4.49867987981936 
18 50 0.02328629140895153 4.744150240320782 
18 50 0.023068205929858705 4.746238544930815 
18 50 0.022793633408282714 4.740976213822596 
18 50 0.02219742863541349 4.73760135459602 
18 50 0.022777947607812446 4.743516379847898 
18 50 0.02262418625067183 4.741257056473408 
18 50 0.022388841035956907 4.743430083498093 
18 50 0.022751274529263038 4.742152942224477 
18 50 0.02220997820711228 4.743927449334379 
18 50 0.021538457377598835 4.741690095859435 
18 50 0.022183305128562873 4.739245637198559 
18 50 0.022227237942734377 4.499456519027919 
18 50 0.022770101215117657 4.74411729478469 
18 50 0.02214251319977572 4.739874794492439 
18 50 0.02201542492118451 4.74340341274785 
18 50 0.022184874407101828 4.73795123618932 
18 50 0.022117409399765267 4.740257621621833 
18 50 0.02189931926405957 4.910514610777849 
18 50 0.02293641214395706 4.736771366902055 
18 50 0.022635171200444535 4.740030122799813 
18 50 0.022644584543371846 4.742429079367979 
18 50 0.022178599621252435 4.74220471677473 
18 50 0.021908732606986878 4.739750844770926 
18 50 0.02332708566604512 4.914794766770115 
18 50 0.022969360008355862 4.739617484034793 
18 50 0.021480403384883145 4.739647293342113 
18 50 0.02235432156471271 4.746036145252193 
18 50 0.022231943450044814 4.741815612531181 
18 50 0.02168594162058362 4.740345484921869 
18 50 0.022151926542703027 4.741409246223704 
18 50 0.02272774000779155 4.744189467627644 
18 50 0.021842839206495712 4.916707344780074 
18 50 0.023179603751366774 4.754511732493765 
18 50 0.022817170258060644 4.742520081225093 
18 50 0.023113705694262732 4.749591436586153 
18 50 0.02187735867773991 4.7416979399238235 
18 50 0.02249709797208062 4.740922867665497 
18 50 0.022332358650086613 4.5021661322108315 
18 50 0.022577117207728845 4.500433988636562 
18 50 0.022735584072179897 4.744821763478602 
18 50 0.02159808064885348 4.743073927118943 
18 50 0.02199659823532989 4.741983495066866 
18 50 0.022166045392940772 4.745129279207964 
18 50 0.02225233941443839 4.744526792664326 
18 50 0.022079753699749592 4.916675966194214 
18 50 0.022994463808366315 4.745476022244187 
18 50 0.0226681167365369 4.910630716434974 
18 50 0.022986619743977962 4.735083156141957 
18 50 0.02282658360098795 4.914115401876213 
18 50 0.02248925623599871 4.9803401413282105 
18 50 0.022253911021283785 4.744283605713529 
18 50 0.021932271785071247 4.7410954533801855 
18 50 0.02141450998439198 4.736699194059102 
18 50 0.021908732606986878 4.742264340045985 
18 50 0.022619478415054958 4.737720596481916 
18 50 0.02199659823532989 4.737769232475092 
18 50 0.022239787514433167 4.740941694351352 
18 50 0.022222530107117507 4.743861551277275 
18 50 0.02257554792918989 4.742713065232483 
18 50 0.0221958570285681 4.501146301394862 
18 50 0.022075048192439158 4.74185483518143 
18 50 0.022451600535983034 4.742429079367979 
18 50 0.021991892728019456 4.743386153012228 
18 50 0.0221958570285681 4.504640402507335 
18 50 0.02253161511501838 4.506044629731236 
18 50 0.022799910522438543 4.50777991419089 
18 50 0.021916578999681666 4.503468381941071 
18 50 0.02226959915006049 4.5065090477031235 
18 50 0.023016431379605285 4.750528114266008 
18 50 0.022395115821806304 4.751904101461127 
18 50 0.022366875793024373 4.916763827165944 
18 50 0.02187735867773991 5.0 
18 50 0.021830289634796926 4.986087281716097 
18 50 0.022129958971464057 4.77935640363924 
18 50 0.02316704952305511 4.779025353388407 
18 50 0.022434340800360934 4.778480918509178 
18 50 0.022580255764806764 4.761954934691058 
18 50 0.02231980675008139 4.7673898561705785 
18 50 0.022181735850023913 4.765361172503495 
18 50 0.022589666779427635 4.765336071031791 
18 50 0.022898756443941386 4.771069092569439 
18 50 0.021593372813236606 4.768757996973004 
18 50 0.022567706193107974 4.747799672068934 
18 50 0.022355893171558106 4.745643904779872 
18 50 0.022206841978340802 4.511705483082545 
18 50 0.02246415010768182 4.751696998603501 
18 50 0.022255475643209868 4.750347679830318 
18 50 0.022690084307775873 4.746378182781105 
18 50 0.021904027099676444 4.512803763855623 
18 50 0.022945823158577933 4.753393055756294 
18 50 0.021932271785071247 4.751406735624842 
18 50 0.022697928372164222 4.5075586901547195 
18 50 0.02270734404339797 4.746864565995924 
18 50 0.022399823657423174 4.507047205468196 
18 50 0.022205270371495407 4.75759005628414 
18 50 0.022459442272064947 4.752108068089982 
18 50 0.022435910078899893 4.736156330786718 
18 50 0.022089167042676904 4.72988044364838 
18 50 0.02287835815124137 4.90544212511994 
18 50 0.022035820885578088 4.48837486770394 
18 50 0.022674391522386293 4.906595321328656 
18 50 0.02290503122979078 4.488216405496102 
18 50 0.022412373229121964 4.729572920934098 
18 50 0.022627324807749746 4.487792779453002 
18 50 0.022382563921801078 4.7311717061005405 
18 50 0.022053080621200184 4.4880234168321005 
18 50 0.021954234699697345 4.905222470362308 
18 50 0.021674956670810912 4.733181560753463 
18 50 0.02219271847149018 4.727443829051891 
18 50 0.023237657744082464 4.731082273521965 
18 50 0.022475135057454527 4.736556417651734 
18 50 0.02175183967768766 4.4911409679293355 
18 50 0.022719895943403196 4.733420044525256 
18 50 0.022561426750645704 4.488517646439615 
18 50 0.022864239301003626 4.7315529662797005 
18 50 0.02216761467147973 4.7345669612915104 
18 50 0.022147218707086153 4.727269674058664 
18 50 0.02242806601451154 4.727592882573415 
18 50 0.02119485289845376 4.730664929249634 
18 50 0.022493961743309143 4.727122189815678 
18 50 0.02269322286485379 4.727665055416368 
18 50 0.02259751550042886 4.724933474662217 
18 50 0.023248635708935855 4.724855024705108 
18 50 0.02199032112117406 4.727785864252497 
18 50 0.02295367187957916 4.730026356284519 
18 50 0.021681233784966746 4.731146604628836 
18 50 0.022037392492423483 4.723814797924745 
18 50 0.023008584986910496 4.725871719292305 
18 50 0.0222288048929669 4.727696434002229 
18 50 0.021963648042624653 4.727635246109047 
18 50 0.022595943893583464 4.730479789306633 
18 50 0.022737153350718856 4.72251568907989 
18 50 0.022112699235841957 4.728568780575213 
18 50 0.023069775208397664 4.903038458387851 
18 50 0.022945823158577933 4.727522279009 
18 50 0.02250808292185333 4.902472060593996 
18 50 0.022537892229174215 4.728495043110333 
18 50 0.0219730637138584 4.72580268500643 
18 50 0.021405096641464668 4.731537278150924 
18 50 0.022065630192898974 4.730599033520836 
18 50 0.022241359121278562 4.725140577519844 
18 50 0.02252063482185855 4.725148423912539 
18 50 0.021875787070894513 4.730511167892493 
18 50 0.022997600037137793 4.730879878499955 
18 50 0.022856397564921714 4.7287429378967465 
18 50 0.022351185335941232 4.729048889004183 
18 50 0.022288428164221545 4.48946530441263 
18 50 0.02183813137087884 4.730346428570499 
18 50 0.021991892728019456 4.724958578462227 
18 50 0.022431204571589456 4.486485826543759 
18 50 0.022584963600423637 4.906245439735356 
18 50 0.022486117678920794 4.731479224158209 
18 50 0.023239222366008547 4.902737217444338 
18 50 0.022043667278272876 4.730393497613442 
18 50 0.022062493964127496 4.729141455483223 
18 50 0.022498669578926017 4.729257561140348 
18 50 0.0233976892304596 4.90358289326708 
18 50 0.022417081064738838 4.7263533946715075 
18 50 0.022390412642802303 4.729823961262509 
18 50 0.021969925156780482 4.492868405996295 
18 50 0.021844406156728235 4.99959142645802 
18 50 0.021684370013738224 4.739049514634092 
18 50 0.021748701120609743 4.747267789089712 
18 50 0.022787360950739757 4.756242309117803 
18 50 0.02216761467147973 4.751803688589392 
18 50 0.021532180263443 4.754869460479761 
18 50 0.022183305128562873 4.511415222432192 
18 50 0.022181735850023913 4.749580453964686 
18 50 0.022537892229174215 4.753986126628698 
18 50 0.02245002892913764 4.5025050311826655 
18 50 0.023085463337174365 4.747749464468914 
18 50 0.022363739564252895 4.747939307590919 
18 50 0.023182739980138253 4.748286050627141 
18 50 0.022799910522438543 4.748185637755406 
18 50 0.02244689270036616 4.747013614860835 
18 50 0.022567706193107974 4.916285292672126 
18 50 0.022552013407718396 4.7488618640922295 
18 50 0.021963648042624653 4.9158601020071 
18 50 0.022675963129231688 4.508057622941238 
18 50 0.02316548490112903 4.917595381810141 
18 50 0.02258339432188468 4.744748019028803 
18 50 0.02226018347882674 4.9812626931729085 
18 50 0.022981914236667525 4.753777454492532 
18 50 0.022037392492423483 4.749927199329216 
18 50 0.022749705250724082 4.506520030324589 
18 50 0.022275873935909882 4.749192918999676 
18 50 0.022027976821189735 4.748328414162774 
18 50 0.022214683714422714 4.749712247750588 
18 50 0.021932271785071247 4.7487802779063495 
18 50 0.022247633907127955 4.747616101404473 
18 50 0.022564565307723623 4.746365628552794 
18 50 0.021844406156728235 4.747656897989874 
18 50 0.02266654978630438 4.746535080367017 
18 50 0.02206876874997689 4.750658338773371 
18 50 0.022235079678816293 4.7492446935499295 
18 50 0.022366875793024373 4.747747895190375 
18 50 0.022856397564921714 4.751085098716936 
18 50 0.022434340800360934 4.746943013624727 
18 50 0.02261791146482244 4.745551335972525 
18 50 0.02181459452110091 4.746365628552794 
18 50 0.02290346427955826 4.748488450305764 
18 50 0.022305687899843645 4.744194173134954 
18 50 0.022231943450044814 4.750344543601547 
18 50 0.022735584072179897 4.748135432483691 
18 50 0.022440617914516767 4.749170951428437 
18 50 0.022697928372164222 4.751309461310185 
18 50 0.022616339857977043 4.74570352572282 
18 50 0.021656132313262733 4.745424247693934 
18 50 0.02270420082970718 4.747421550446852 
18 50 0.022178599621252435 4.751161977067199 
18 50 0.022926998801029753 4.75101606443106 
18 50 0.022255475643209868 4.747146980253582 
18 50 0.02208288992852107 4.748959140735193 
18 50 0.021885200413821825 4.748436673427204 
18 50 0.02230254701445929 4.748388035105722 
18 50 0.021690649456200493 4.746254233059592 
18 50 0.02225233941443839 4.74343949684102 
18 50 0.023060361865470353 4.7455968357369285 
18 50 0.02237158130033481 4.7490203309566805 
18 50 0.022621047693593917 4.7485292445628575 
18 50 0.02265870339360959 4.746852011767613 
18 50 0.02252063482185855 4.75006526557266 
18 50 0.022757549315112435 4.505470387872993 
18 50 0.021383129070225698 4.74107819597287 
18 50 0.02244689270036616 4.743958827920239 
18 50 0.02143961145609599 4.918960388712101 
18 50 0.022959946665428554 4.755318185666258 
18 50 0.02125918400532528 5.0 
18 50 0.021703201356205716 4.915015993134592 
18 50 0.0221958570285681 4.909452418754554 
18 50 0.022106426778299 4.740310970107238 
18 50 0.023408671851925866 4.91611897941498 
18 50 0.022897189493708867 4.744228690277891 
18 50 0.022151926542703027 4.91480104388427 
18 50 0.02217389178563556 4.741547319452067 
18 50 0.0226681167365369 4.909874470862501 
18 50 0.022963082894200033 4.742425940810901 
18 50 0.022279014821294237 4.745151246779203 
18 50 0.023055651701547043 4.742251785817674 
18 50 0.022169186278325127 4.74294370261158 
18 50 0.022501805807697495 4.501762909117044 
18 50 0.0223621679574075 4.744484433785306 
18 50 0.021681233784966746 4.749669884214955 
18 50 0.021554147834681976 4.746433095888436 
18 50 0.02255515196479631 4.496864576124057 
18 50 0.021839702977724234 4.4971077677314675 
18 50 0.021924427720682895 4.50301024108334 
18 50 0.022652430936066635 4.499823658028536 
18 50 0.022349616057402277 4.74278994125444 
18 50 0.022963082894200033 4.743422237105398 
18 50 0.022696359093625267 4.497680444967784 
18 50 0.02238727175741795 4.745573301215457 
18 50 0.02237001202179585 4.741950544874161 
18 50 0.02138156211999318 4.743536775812291 
18 50 0.02213937697100424 4.500637955265416 
18 50 0.02248140984330392 4.498165254247452 
18 50 0.022454736764754513 4.740729883658108 
18 50 0.0225300504930923 4.495064965214145 
18 50 0.022327648486163303 4.502909823554992 
18 50 0.022825016650755432 4.497029320102665 
18 50 0.02183499514210736 4.502920808504764 
18 50 0.022409237000350486 4.495008485156581 
18 50 0.022611634350666605 4.742807200990062 
18 50 0.02254103078625213 4.742553029089493 
18 50 0.02271048027216945 5.0 
18 50 0.022162909164169294 5.0 
18 50 0.022977204072744215 4.770841593747419 
18 50 0.02283756622245422 4.774476901988721 
18 50 0.022004442299718242 4.927909804940182 
18 50 0.02255515196479631 4.772498428249964 
18 50 0.023146653558661533 4.755250720658922 
18 50 0.022567706193107974 4.7692475187449 
18 50 0.022974067843972736 4.764389982337313 
18 50 0.023210982337226616 4.765031689202893 
18 50 0.023527913737822283 4.748689278377541 
18 50 0.022509652200392284 4.747013614860835 
18 50 0.02200758085679616 4.745199885100685 
18 50 0.021438042177557032 4.744693105921472 
18 50 0.022509652200392284 4.740056793550056 
18 50 0.02239825437888422 4.913746693597057 
18 50 0.022799910522438543 4.750016629579485 
18 50 0.0233584665802114 4.914375850890938 
18 50 0.02236060100717498 4.743750155784073 
18 50 0.021954234699697345 4.740770675586895 
18 50 0.022738720300951375 4.504277969014029 
18 50 0.022402962214501092 4.9127911892313465 
18 50 0.021692216406433013 4.740574555350735 
18 50 0.02250023652915854 4.913964781404457 
18 50 0.02235275461448019 4.733762079725863 
18 50 0.022461013878910342 4.731305071493287 
18 50 0.02254887485064048 4.730415465184681 
18 50 0.022402962214501092 4.728062003724306 
18 50 0.022123681857308224 4.7307057211784205 
18 50 0.022340202714474965 4.733126647646133 
18 50 0.02319999971576035 4.731427449607955 
18 50 0.022220963156884984 4.733062318867567 
18 50 0.02201228869241303 4.732092693323312 
18 50 0.022404531493040048 4.72624199685 
18 50 0.02250651364331437 4.732933661310437 
18 50 0.02138156211999318 4.731232896322028 
18 50 0.022172322507096606 4.733212939339324 
18 50 0.022443754143288246 4.73172555199439 
18 50 0.021952667749464822 4.730410755020758 
18 50 0.022315098914464516 4.489088752069086 
18 50 0.022211547485651236 4.729911822234239 
18 50 0.022114270842687352 4.7260772551997 
18 50 0.02150394256296751 4.730581773785214 
18 50 0.022348049107169754 4.735028240706319 
18 50 0.021966786599702567 4.73018011764166 
18 50 0.022206841978340802 4.728327162902954 
18 50 0.022384135528646473 4.728744507175286 
18 50 0.022475135057454527 4.728298918217559 
18 50 0.022409237000350486 4.7269605867224564 
18 50 0.02297877567958961 4.484207678811721 
18 50 0.02235432156471271 4.478149879480782 
18 50 0.022220963156884984 4.730140890334798 
18 50 0.022104857499760044 4.730031064120136 
18 50 0.022537892229174215 4.728187520396052 
18 50 0.021674956670810912 4.729113215454441 
18 50 0.022504944364775414 4.729395629712099 
18 50 0.021819304685024223 4.729056730740265 
18 50 0.022611634350666605 4.729552524969705 
18 50 0.021946388307002553 4.730889291842882 
18 50 0.02215035493585763 4.729825528212742 
18 50 0.02283442999368274 4.7294113201691825 
18 50 0.02187892329966599 4.728752351239674 
18 50 0.02228372032860467 4.725863875227917 
18 50 0.022092303271448382 4.484770940376805 
18 50 0.02289561788686347 4.723708107938854 
18 50 0.02194168279969212 4.7290175104183225 
18 50 0.022351185335941232 4.729960458227415 
18 50 0.022592807664811986 4.730482930192017 
18 50 0.02209858038560421 4.727434415708964 
18 50 0.022890912379553034 4.903978274624785 
18 50 0.022332358650086613 4.729022215925633 
18 50 0.022715185779479886 4.730409185742219 
18 50 0.02263359959359914 4.729398770597483 
18 50 0.021907167985060795 4.72870685147527 
18 50 0.022421791228662148 4.729055163790032 
18 50 0.021968355878241527 4.7315859141441 
18 50 0.021235644827240913 4.999031298793401 
18 50 0.02143333434194016 4.910536578349087 
18 50 0.02227116842859945 4.74708264914671 
18 50 0.022056216849971663 4.747509411418582 
18 50 0.022627324807749746 4.7459090593019075 
18 50 0.022559859800413185 4.746547629938716 
18 50 0.022509652200392284 4.502851771890582 
18 50 0.02261477523605096 4.740987196444062 
18 50 0.022092303271448382 4.738233650446978 
18 50 0.022239787514433167 4.744511106863856 
18 50 0.021714183977671983 4.746982236274976 
18 50 0.022222530107117507 4.740585540300508 
18 50 0.02257241170041841 4.745833750230183 
18 50 0.022327648486163303 4.742330235774783 
18 50 0.02259123838627303 4.743131981111659 
18 50 0.02165142447764586 4.747294462168261 
18 50 0.022159772935397816 4.741905045109757 
18 50 0.021993459678251975 4.7456360607154835 
18 50 0.02267282690046021 4.73922366962732 
18 50 0.02225861885690066 4.741150368815823 
18 50 0.022738720300951375 4.74529559246511 
18 50 0.02260692651504973 4.496684146344981 
18 50 0.022680668636542126 4.740015999292963 
18 50 0.022203703421262887 4.740853831051315 
18 50 0.022140941592930324 4.744189467627644 
18 50 0.021687510899122575 4.742013304374187 
18 50 0.021856960385039897 4.913392106496446 
18 50 0.022603790286278253 4.499007791513115 
18 50 0.022528478886246903 4.980622555585868 
18 50 0.02229626990030346 4.742407116453353 
18 50 0.022713618829247363 4.755343287137962 
18 50 0.02319999971576035 4.7459137648092184 
18 50 0.022363739564252895 4.743376739669301 
18 50 0.02214251319977572 4.496932041131394 
18 50 0.023163913294283633 4.746210302573727 
18 50 0.022294702950070938 4.745278332729487 
18 50 0.02248768695745975 4.746378182781105 
18 50 0.02250651364331437 4.747299170003878 
18 50 0.022373152907180206 4.738848686562315 
18 50 0.022594376943350945 4.500567349372695 
18 50 0.022879929758086767 4.505170713879713 
18 50 0.02297249856543378 4.911451288457704 
18 50 0.022172322507096606 4.748356656519862 
18 50 0.0227183243365578 4.745866695766275 
18 50 0.02254887485064048 4.503598606448434 
18 50 0.02255828819356779 4.914060486440575 
18 50 0.021347044977055418 4.743185324940451 
18 50 0.022131530578309452 4.741387283309077 
18 50 0.021836562092339883 4.503512310098629 
18 50 0.021849113992345105 4.745745889258453 
18 50 0.021991892728019456 4.500093520386188 
18 50 0.02219271847149018 4.7387984812906 
18 50 0.022299410785687812 4.501157284016329 
18 50 0.022451600535983034 4.740808331286911 
18 50 0.022545738621869003 4.253313063761831 
18 50 0.021933838735303766 4.749999369843863 
18 50 0.02287051641515946 4.7407141932010255 
18 50 0.021836562092339883 4.505925390173647 
18 50 0.022440617914516767 4.5077171570191705 
18 50 0.02241394483596736 4.504483504921423 
18 50 0.022660272672148547 4.5032973608483085 
18 50 0.02219428775002914 4.4998754349070955 
18 50 0.022409237000350486 4.506094839659563 
18 50 0.02129526809849556 4.981066572936748 
18 50 0.02250651364331437 4.504911834143527 
18 50 0.022332358650086613 4.7436403272411045 
18 50 0.022415514114506315 4.500904679065991 
18 50 0.022311962685693038 4.507837965855299 
18 50 0.0221566343783199 4.912802171852813 
18 50 0.023052515472775564 4.502144164639592 
18 50 0.022089167042676904 4.503250291805365 
18 50 0.022588102157501552 4.502177114832297 
18 50 0.022512790757470202 4.501221612794893 
18 50 0.02271048027216945 4.5023842200182305 
18 50 0.022272735378831968 4.499100362648768 
18 50 0.022705772436552574 4.507062893596973 
18 50 0.022812464750750206 4.504500762328739 
18 50 0.022112699235841957 4.5032063613195 
18 50 0.02254887485064048 4.502414029325552 
18 50 0.022288428164221545 4.503655086505997 
18 50 0.022166045392940772 4.496343678094607 
18 50 0.02283756622245422 4.504075571663713 
18 50 0.02231980675008139 4.50102078239481 
18 50 0.02227116842859945 4.499287069542001 
18 50 0.022322945307159305 4.742466735067994 
18 50 0.02210799605683796 4.502142597689359 
18 50 0.022945823158577933 4.745749025487224 
18 50 0.021712614699133027 4.502429719782635 
18 50 0.02322823974454228 4.745042989843079 
18 50 0.022348049107169754 4.5004700727297315 
18 50 0.022484548400381835 4.746031439744882 
18 50 0.022060927013894976 4.500620697858101 
18 50 0.021935410342149162 4.736688211437635 
18 50 0.022991327579594836 4.49543524277184 
18 50 0.02205151134266123 4.740216829693046 
18 50 0.021670253491806915 4.5026634980471165 
18 50 0.022495531021848102 4.737590371974553 
18 50 0.022569270815034057 4.4960189003013165 
18 50 0.02253161511501838 4.504044190749546 
18 50 0.02229626990030346 4.5005908838941675 
18 50 0.022402962214501092 4.504583920121465 
18 50 0.023182739980138253 4.501254560659293 
18 50 0.022420219621816753 4.7386133390192935 
18 50 0.021466286862951836 4.499109773663389 
18 50 0.022820306486832122 4.739866948099745 
18 50 0.022027976821189735 4.506589064610465 
18 50 0.023022706165454678 4.502261839575256 
18 50 0.02242963296474406 4.499196070013194 
18 50 0.022249200857360475 4.501172972145105 
18 50 0.021949529192386907 4.495968692701295 
18 50 0.02019541804687838 4.742868391211549 
18 50 0.02194011352115316 4.503402481555661 
18 50 0.022647720772143325 4.493801945119072 
18 50 0.02227116842859945 4.488048525288724 
18 50 0.02252377337893647 4.488166195567775 
18 50 0.022377856086184204 4.487850831117411 
18 50 0.022321376028620346 4.484350455219089 
18 50 0.021932271785071247 4.486488967429143 
18 50 0.022180168899791394 4.488533334568391 
18 50 0.022723032172174674 4.48749153850949 
18 50 0.022451600535983034 4.483608333153468 
18 50 0.021869509956738684 4.484678369241151 
18 50 0.022713618829247363 4.736543868080035 
18 50 0.02213937697100424 4.490497689456911 
18 50 0.02215035493585763 4.491381020979667 
18 50 0.021893046806516613 4.489689667005878 
18 50 0.02219428775002914 4.4863556020363955 
18 51 0.022274306985677363 4.487304831616257 
18 51 0.02201228869241303 4.480685337670467 
18 51 0.021911873492371232 4.481835395322105 
18 51 0.022087597764137944 4.4857327195283645 
18 51 0.02252063482185855 5.0 
18 51 0.02219428775002914 4.485643289278095 
18 51 0.021742421678147474 4.733950355897634 
18 51 0.022788930229278713 4.482426899244277 
18 51 0.021875787070894513 4.978711546854448 
18 51 0.022892481658091993 4.488056369353112 
18 51 0.022515929314548117 4.905037328091002 
18 51 0.022373152907180206 5.0 
18 51 0.02331139753726842 4.482641848494597 
18 51 0.02121838974823169 4.485342046006276 
18 51 0.022732445515101982 4.484585802762111 
18 51 0.02219271847149018 4.486987897887355 
18 51 0.022479838236458525 4.727949038952565 
18 51 0.019398380545619123 4.999665166251205 
18 51 0.022663408900920026 4.49051023902861 
18 51 0.022087597764137944 4.999503560829677 
18 51 0.022981914236667525 4.487474278773868 
18 51 0.02265870339360959 4.48793555586037 
18 51 0.022404531493040048 4.486066910664582 
18 51 0.020728870304640788 4.48491685534125 
18 51 0.022327648486163303 4.483372987938753 
18 51 0.021552578556143016 4.48609044751436 
18 51 0.022781083836583924 4.732291954444857 
18 51 0.02183185425672301 4.4812109458638405 
18 51 0.02193070017822585 4.234940402319161 
18 51 0.02261791146482244 4.490348635935387 
18 51 0.02259123838627303 4.906121492342149 
18 51 0.020733575811951222 5.0 
18 51 0.021827146421106135 4.479616866204709 
18 51 0.02270734404339797 4.484042937161421 
18 51 0.022942686929806454 4.73070258494965 
18 51 0.021966786599702567 5.0 
18 51 0.022118978678304226 4.742548321253875 
18 51 0.02251435770770272 4.4945158271559125 
18 51 0.02251435770770272 4.503286378226842 
18 51 0.022442187193055723 4.498132306383053 
18 51 0.02086536959785287 5.0 
