10 22 4.966781083478956 5.0 
10 22 4.96819002086678 5.0 
10 22 4.968825452946511 5.0 
10 22 4.968966662403647 5.0 
10 22 4.9698013532766145 5.0 
10 22 4.970868253135527 5.0 
10 22 4.967014859415132 5.0 
10 22 4.969465595190164 5.0 
10 22 4.967532623544118 5.0 
10 22 4.973792817897067 5.0 
10 22 4.969485991154558 5.0 
10 22 4.970276751541661 5.0 
10 22 4.968120986580905 5.0 
10 22 4.9712934461288585 5.0 
10 22 4.966388840678329 5.0 
10 22 4.966977206043423 5.0 
10 22 4.965927563591826 5.0 
10 22 4.968960387617797 5.0 
10 22 4.969407541197449 5.0 
10 22 4.968467729617128 5.0 
10 22 4.9726866930596 5.0 
10 22 4.968312398981449 5.0 
10 22 4.965226231126686 5.0 
10 22 4.967702070701729 5.0 
10 22 4.967764827873448 5.0 
10 22 4.970587410484714 5.0 
10 22 4.969625631333154 5.0 
10 22 4.969377731890128 5.0 
10 22 4.9684787122385945 5.0 
10 22 4.968869383432376 5.0 
10 22 4.968323381602914 5.0 
10 22 4.968417519688801 5.0 
10 22 4.968288864459977 5.0 
10 22 4.968764262725023 5.0 
10 22 4.968055090852108 5.0 
10 22 4.968630904317196 5.0 
10 22 4.973955992597134 5.0 
10 22 4.968461452502972 5.0 
10 22 4.968671696245983 5.0 
10 22 4.9690513848182984 5.0 
10 22 4.9692663363969265 5.0 
10 22 4.968830163110434 5.0 
10 22 4.969832734190781 5.0 
10 22 4.972752591116705 5.0 
10 22 4.972622364281035 5.0 
10 22 4.968610506024496 5.0 
10 22 4.970763132428174 5.0 
10 22 4.969479716368709 5.0 
10 22 4.968329658717071 5.0 
10 22 4.968710918896232 5.0 
10 22 4.968761126496252 5.0 
10 22 4.970959257320947 5.0 
10 22 4.968130399923832 5.0 
10 22 4.96806136330965 5.0 
10 22 4.968259055152656 5.0 
10 22 4.967515363808496 5.0 
10 22 4.9686858150962205 5.0 
10 22 4.968704644110382 5.0 
10 22 4.968147659659454 5.0 
10 22 4.967978210173537 5.0 
10 22 4.969357335925734 5.0 
10 22 4.96893528148948 5.0 
10 22 4.969718200140502 5.0 
10 22 4.968430073917112 5.0 
10 22 4.968331227995609 5.0 
10 22 4.967573415472905 5.0 
10 22 4.967890344545194 5.0 
10 22 4.967769535709065 5.0 
10 22 4.967325518358185 5.0 
10 22 4.968725040074776 5.0 
10 22 4.968370450645858 5.0 
10 22 4.9690906097968535 5.0 
10 22 4.969416954540376 5.0 
10 22 4.969040402196832 5.0 
10 22 4.968130399923832 5.0 
10 22 4.968110003959438 5.0 
10 22 4.9700806313055015 5.0 
10 22 4.969106300253936 5.0 
10 22 4.968798782196268 5.0 
10 22 4.96883172773236 5.0 
10 22 4.969181609325661 5.0 
10 22 4.96841281418149 5.0 
10 22 4.967567138358749 5.0 
10 22 4.968605798188879 5.0 
10 22 4.971784534850989 5.0 
10 22 4.971888086279802 5.0 
10 22 4.969344781697423 5.0 
10 22 4.9679091758876615 5.0 
10 22 4.968218260895562 5.0 
10 22 4.967080759800543 5.0 
10 22 4.968608936745957 5.0 
10 22 4.968503816038605 5.0 
10 22 4.968259055152656 5.0 
10 22 4.9693526280901175 5.0 
10 22 4.968612072974729 5.0 
10 22 4.969148661461262 5.0 
10 22 4.968047242131107 5.0 
10 22 4.968066073473573 5.0 
10 22 4.968284158952667 5.0 
10 22 4.968229243517029 5.0 
10 22 4.9675702769158265 5.0 
10 22 4.968414383460029 5.0 
10 22 4.967849552616407 5.0 
10 22 4.968492831088832 5.0 
10 22 4.968786230296263 5.0 
10 22 4.968875662874838 5.0 
10 22 4.968977647353419 5.0 
10 22 4.969002748825123 5.0 
10 22 4.968938420046558 5.0 
10 22 4.96967897283364 5.0 
10 22 4.96773031073051 5.0 
10 22 4.968342210617076 5.0 
10 22 4.968579127438636 5.0 
10 22 4.967907604280816 5.0 
10 22 4.967946829259371 5.0 
10 22 4.968306124195599 5.0 
10 22 4.967587534323143 5.0 
10 22 4.968952541225102 5.0 
10 22 4.969664853983403 5.0 
10 22 4.9688113317679665 5.0 
10 22 4.96934321474719 5.0 
10 22 4.968619919367423 5.0 
10 22 4.970394426477325 5.0 
10 22 4.968433210145884 5.0 
10 22 4.968693661488915 5.0 
10 22 4.969575423733134 5.0 
10 22 4.968963523846568 5.0 
10 22 4.968894487232387 5.0 
10 22 4.968544607967392 5.0 
10 22 4.968376727760013 5.0 
10 22 4.968838007174822 5.0 
10 22 4.968017432823785 5.0 
10 22 4.967501240301645 5.0 
10 22 4.968717193682081 5.0 
10 22 4.967791500951997 5.0 
10 22 4.968105296123822 5.0 
10 22 4.968131966874065 5.0 
10 22 4.968961952239723 5.0 
10 22 4.967607930287536 5.0 
10 22 4.968775247674796 5.0 
10 22 4.969533060197501 5.0 
10 22 4.969636613954621 5.0 
10 22 4.968773678396257 5.0 
10 22 4.96883172773236 5.0 
10 22 4.968963523846568 5.0 
10 22 4.969556594718973 5.0 
10 22 4.968778383903568 5.0 
10 22 4.967672261394408 5.0 
10 22 4.970951410928253 5.0 
10 22 4.972870263724062 5.0 
10 23 4.968506952267377 5.0 
10 23 4.969962958698144 5.0 
10 23 4.968100590616512 5.0 
10 23 4.968415952738568 5.0 
10 23 4.96804567750918 5.0 
10 23 4.971982224365688 5.0 
10 23 4.969402833361832 5.0 
10 23 4.969046676982682 5.0 
10 23 4.968794076688957 5.0 
10 23 4.967355327665506 5.0 
10 23 4.970428943620263 5.0 
10 23 4.968339072059998 5.0 
10 23 4.968621486317656 5.0 
10 23 4.967375723629899 5.0 
10 23 4.968307693474138 5.0 
10 23 4.969341645468651 5.0 
10 23 4.970046114162564 5.0 
10 23 4.966999171286355 5.0 
10 23 4.967965658273532 5.0 
10 23 4.967935846637904 5.0 
10 23 4.9686042289103405 5.0 
10 23 4.968323381602914 5.0 
10 23 4.96901216216805 5.0 
10 23 4.9689054721821595 5.0 
10 23 4.968939991653404 5.0 
10 23 4.9694295087686875 5.0 
10 23 4.968463021781512 5.0 
10 23 4.968304557245366 5.0 
10 23 4.968252780366806 5.0 
10 23 4.968166484017003 5.0 
10 23 4.968836435567977 5.0 
10 23 4.968453608438584 5.0 
10 23 4.970810201471117 5.0 
10 23 4.970640754313506 5.0 
10 23 4.969340076190112 5.0 
10 23 4.968649728674744 5.0 
10 23 4.968075486816501 5.0 
10 23 4.968947833389485 5.0 
10 23 4.973323696746176 5.0 
10 23 4.968638746053278 5.0 
10 23 4.96776796410222 5.0 
10 23 4.969018439282206 5.0 
10 23 4.9684834177459045 5.0 
10 23 4.9690247140680555 5.0 
10 23 4.9681947287023975 5.0 
10 23 4.9679703661091486 5.0 
10 23 4.969956681583988 5.0 
10 23 4.969388716839901 5.0 
10 23 4.969228680696911 5.0 
10 23 4.969726041876584 5.0 
10 23 4.9692977126544795 5.0 
10 23 4.969365177661817 5.0 
10 23 4.969117282875403 5.0 
10 23 4.96883172773236 5.0 
10 23 4.967987623516464 5.0 
10 23 4.967471430994324 5.0 
10 23 4.968946264110946 5.0 
10 23 4.967331793144034 5.0 
10 23 4.9686858150962205 5.0 
10 23 4.969256920725693 5.0 
10 23 4.969923733719589 5.0 
10 23 4.968488125581522 5.0 
10 23 4.967810327637852 5.0 
10 23 4.972140691230139 5.0 
10 23 4.968119414974059 5.0 
10 23 4.967943693030599 5.0 
10 23 4.968692092210377 5.0 
10 23 4.968646592445973 5.0 
10 23 4.969826457076625 5.0 
10 23 4.969089040518314 5.0 
10 23 4.969228680696911 5.0 
10 23 4.972554899273699 5.0 
10 23 4.968640315331816 5.0 
10 23 4.967254910137157 5.0 
10 23 4.96895567978218 5.0 
10 23 4.968886643167998 5.0 
10 23 4.967553019508511 5.0 
10 23 4.968721901517697 5.0 
10 23 4.966919154379013 5.0 
10 23 4.967060361507842 5.0 
10 23 4.969189455718356 5.0 
10 23 4.968776816953335 5.0 
10 23 4.9688207474392 5.0 
10 23 4.970042975605486 5.0 
10 23 4.968265329938506 5.0 
10 23 4.969644455690703 5.0 
10 23 4.968028417773558 5.0 
10 23 4.968809762489427 5.0 
10 23 4.968114707138443 5.0 
10 23 4.968001744695009 5.0 
10 23 4.967935846637904 5.0 
10 23 4.969631903790697 5.0 
10 23 4.9688929179538475 5.0 
10 23 4.967873087137878 5.0 
10 23 4.969057661932454 5.0 
10 23 4.969438922111615 5.0 
10 23 4.971111447071243 5.0 
10 23 4.9728247639596574 5.0 
10 23 4.967523205544578 5.0 
10 23 4.966828152521899 5.0 
10 23 4.966340200028541 5.0 
10 23 4.968153934445303 5.0 
10 23 4.966376288778323 5.0 
10 23 4.968186879981396 5.0 
10 23 4.967447898801159 5.0 
10 23 4.968122555859444 5.0 
10 23 4.96838771038148 5.0 
10 23 4.972576866844937 5.0 
10 23 4.968310832031216 5.0 
10 23 4.969230247647143 5.0 
10 23 4.966845412257521 5.0 
10 23 4.9679248616881315 5.0 
10 23 4.967611071172921 5.0 
10 23 4.970890220706766 5.0 
10 23 4.967986054237925 5.0 
10 23 4.968665416803521 5.0 
10 23 4.969142386675413 5.0 
10 23 4.968215124666791 5.0 
10 23 4.971295017735704 5.0 
